+-----------------------------------------------------------------------------------------------------------------------------------------------------------------------------------------------------------------------------------+
; Legal Partition Candidates                                                                                                                                                                                                        ;
+------------------------------+-------+----------------+--------------+----------------+--------+-----------------+---------------+-----------------+-------+----------------+--------------+------------------+-------------------+
; Hierarchy                    ; Input ; Constant Input ; Unused Input ; Floating Input ; Output ; Constant Output ; Unused Output ; Floating Output ; Bidir ; Constant Bidir ; Unused Bidir ; Input only Bidir ; Output only Bidir ;
+------------------------------+-------+----------------+--------------+----------------+--------+-----------------+---------------+-----------------+-------+----------------+--------------+------------------+-------------------+
; cr|ds                        ; 24    ; 1              ; 0            ; 1              ; 25     ; 1               ; 1             ; 1               ; 0     ; 0              ; 0            ; 0                ; 0                 ;
; cr|FSM                       ; 5     ; 0              ; 0            ; 0              ; 7      ; 0               ; 0             ; 0               ; 0     ; 0              ; 0            ; 0                ; 0                 ;
; cr|RegMsg                    ; 27    ; 1              ; 0            ; 1              ; 24     ; 1               ; 1             ; 1               ; 0     ; 0              ; 0            ; 0                ; 0                 ;
; cr|SftMsg                    ; 4     ; 1              ; 0            ; 1              ; 24     ; 1               ; 1             ; 1               ; 0     ; 0              ; 0            ; 0                ; 0                 ;
; cr|CmpBits                   ; 10    ; 5              ; 0            ; 5              ; 1      ; 5               ; 5             ; 5               ; 0     ; 0              ; 0            ; 0                ; 0                 ;
; cr|CountBits                 ; 6     ; 3              ; 0            ; 3              ; 5      ; 3               ; 3             ; 3               ; 0     ; 0              ; 0            ; 0                ; 0                 ;
; cr|CmpTime                   ; 12    ; 6              ; 0            ; 6              ; 1      ; 6               ; 6             ; 6               ; 0     ; 0              ; 0            ; 0                ; 0                 ;
; cr|CountTime                 ; 6     ; 3              ; 0            ; 3              ; 6      ; 3               ; 3             ; 3               ; 0     ; 0              ; 0            ; 0                ; 0                 ;
; cr                           ; 4     ; 24             ; 0            ; 24             ; 50     ; 24              ; 24            ; 24              ; 0     ; 0              ; 0            ; 0                ; 0                 ;
; cs|neo1Shot|fsm              ; 4     ; 1              ; 0            ; 1              ; 3      ; 1               ; 1             ; 1               ; 0     ; 0              ; 0            ; 0                ; 0                 ;
; cs|neo1Shot|npc_ll|f         ; 6     ; 0              ; 0            ; 0              ; 10     ; 0               ; 0             ; 0               ; 0     ; 0              ; 0            ; 0                ; 0                 ;
; cs|neo1Shot|npc_ll|m8|m2     ; 25    ; 0              ; 0            ; 0              ; 12     ; 0               ; 0             ; 0               ; 0     ; 0              ; 0            ; 0                ; 0                 ;
; cs|neo1Shot|npc_ll|m8|m1|m2  ; 25    ; 0              ; 0            ; 0              ; 12     ; 0               ; 0             ; 0               ; 0     ; 0              ; 0            ; 0                ; 0                 ;
; cs|neo1Shot|npc_ll|m8|m1|m1  ; 25    ; 0              ; 0            ; 0              ; 12     ; 0               ; 0             ; 0               ; 0     ; 0              ; 0            ; 0                ; 0                 ;
; cs|neo1Shot|npc_ll|m8|m1|m0  ; 25    ; 0              ; 0            ; 0              ; 12     ; 0               ; 0             ; 0               ; 0     ; 0              ; 0            ; 0                ; 0                 ;
; cs|neo1Shot|npc_ll|m8|m1     ; 50    ; 0              ; 0            ; 0              ; 12     ; 0               ; 0             ; 0               ; 0     ; 0              ; 0            ; 0                ; 0                 ;
; cs|neo1Shot|npc_ll|m8|m0|m2  ; 25    ; 0              ; 0            ; 0              ; 12     ; 0               ; 0             ; 0               ; 0     ; 0              ; 0            ; 0                ; 0                 ;
; cs|neo1Shot|npc_ll|m8|m0|m1  ; 25    ; 0              ; 0            ; 0              ; 12     ; 0               ; 0             ; 0               ; 0     ; 0              ; 0            ; 0                ; 0                 ;
; cs|neo1Shot|npc_ll|m8|m0|m0  ; 25    ; 0              ; 0            ; 0              ; 12     ; 0               ; 0             ; 0               ; 0     ; 0              ; 0            ; 0                ; 0                 ;
; cs|neo1Shot|npc_ll|m8|m0     ; 50    ; 0              ; 0            ; 0              ; 12     ; 0               ; 0             ; 0               ; 0     ; 0              ; 0            ; 0                ; 0                 ;
; cs|neo1Shot|npc_ll|m8        ; 63    ; 60             ; 0            ; 60             ; 12     ; 60              ; 60            ; 60              ; 0     ; 0              ; 0            ; 0                ; 0                 ;
; cs|neo1Shot|npc_ll|timer|cmp ; 24    ; 12             ; 0            ; 12             ; 1      ; 12              ; 12            ; 12              ; 0     ; 0              ; 0            ; 0                ; 0                 ;
; cs|neo1Shot|npc_ll|timer|c   ; 17    ; 2              ; 0            ; 2              ; 12     ; 2               ; 2             ; 2               ; 0     ; 0              ; 0            ; 0                ; 0                 ;
; cs|neo1Shot|npc_ll|timer     ; 15    ; 1              ; 0            ; 1              ; 1      ; 1               ; 1             ; 1               ; 0     ; 0              ; 0            ; 0                ; 0                 ;
; cs|neo1Shot|npc_ll|c192|cmp  ; 16    ; 8              ; 0            ; 8              ; 1      ; 8               ; 8             ; 8               ; 0     ; 0              ; 0            ; 0                ; 0                 ;
; cs|neo1Shot|npc_ll|c192|c    ; 13    ; 2              ; 0            ; 2              ; 8      ; 2               ; 2             ; 2               ; 0     ; 0              ; 0            ; 0                ; 0                 ;
; cs|neo1Shot|npc_ll|c192      ; 11    ; 8              ; 0            ; 8              ; 1      ; 8               ; 8             ; 8               ; 0     ; 0              ; 0            ; 0                ; 0                 ;
; cs|neo1Shot|npc_ll|sr        ; 28    ; 24             ; 0            ; 24             ; 24     ; 24              ; 24            ; 24              ; 0     ; 0              ; 0            ; 0                ; 0                 ;
; cs|neo1Shot|npc_ll           ; 27    ; 0              ; 0            ; 0              ; 2      ; 0               ; 0             ; 0               ; 0     ; 0              ; 0            ; 0                ; 0                 ;
; cs|neo1Shot                  ; 27    ; 0              ; 0            ; 0              ; 2      ; 0               ; 0             ; 0               ; 0     ; 0              ; 0            ; 0                ; 0                 ;
; cs                           ; 28    ; 0              ; 1            ; 0              ; 2      ; 0               ; 0             ; 0               ; 0     ; 0              ; 0            ; 0                ; 0                 ;
; gsm|col_register             ; 13    ; 0              ; 0            ; 0              ; 10     ; 0               ; 0             ; 0               ; 0     ; 0              ; 0            ; 0                ; 0                 ;
; gsm|row_register             ; 13    ; 0              ; 0            ; 0              ; 10     ; 0               ; 0             ; 0               ; 0     ; 0              ; 0            ; 0                ; 0                 ;
; gsm|paddleY_reg              ; 13    ; 0              ; 0            ; 0              ; 10     ; 0               ; 0             ; 0               ; 0     ; 0              ; 0            ; 0                ; 0                 ;
; gsm|sign_y_reg               ; 4     ; 0              ; 0            ; 0              ; 1      ; 0               ; 0             ; 0               ; 0     ; 0              ; 0            ; 0                ; 0                 ;
; gsm|sign_x_reg               ; 4     ; 0              ; 0            ; 0              ; 1      ; 0               ; 0             ; 0               ; 0     ; 0              ; 0            ; 0                ; 0                 ;
; gsm|vel_y_reg                ; 13    ; 6              ; 0            ; 6              ; 10     ; 6               ; 6             ; 6               ; 0     ; 0              ; 0            ; 0                ; 0                 ;
; gsm|vel_x_reg                ; 13    ; 6              ; 0            ; 6              ; 10     ; 6               ; 6             ; 6               ; 0     ; 0              ; 0            ; 0                ; 0                 ;
; gsm                          ; 34    ; 6              ; 2            ; 6              ; 69     ; 6               ; 6             ; 6               ; 0     ; 0              ; 0            ; 0                ; 0                 ;
; ui                           ; 7     ; 1              ; 0            ; 1              ; 4      ; 1               ; 1             ; 1               ; 0     ; 0              ; 0            ; 0                ; 0                 ;
; disM|vgaModule|col_counter   ; 4     ; 1              ; 0            ; 1              ; 11     ; 1               ; 1             ; 1               ; 0     ; 0              ; 0            ; 0                ; 0                 ;
; disM|vgaModule|row_counter   ; 4     ; 0              ; 0            ; 0              ; 10     ; 0               ; 0             ; 0               ; 0     ; 0              ; 0            ; 0                ; 0                 ;
; disM|vgaModule               ; 2     ; 0              ; 0            ; 0              ; 23     ; 0               ; 0             ; 0               ; 0     ; 0              ; 0            ; 0                ; 0                 ;
; disM                         ; 45    ; 1              ; 0            ; 1              ; 30     ; 1               ; 1             ; 1               ; 0     ; 0              ; 0            ; 0                ; 0                 ;
+------------------------------+-------+----------------+--------------+----------------+--------+-----------------+---------------+-----------------+-------+----------------+--------------+------------------+-------------------+
