_C_7b12fda3_0 8c 0 50 0 0 2c202562 0 2c202564 0 2564 
_C_ddd9cc9_0 8c 0 108 0 0 25642909 0 28256420 0 6c203d20 0 962616c 0 20256429 0 20282564 0 6179203d 0 6973706c 0 64 
_C_5691e92d_0 84 0 50 0 0 0 0 0 0 0 
_C_861d6825_0 84 0 7 0 0 70 
_C_1ecbc159_0 8c 0 90 0 0 72726f72 0 61792065 0 6973706c 0 6c6c2064 0 6261 
_C_b9639bce_0 84 0 50 0 0 ffffffff 0 ffffffff 0 ffff 
_C_42ff1a7a_0 8c 0 58 0 0 24245f36 0 616d6564 0 756e6e 
_C_e3a2e392_0 84 0 8 0 0 e0 
_C_96f897dc_0 8c 0 58 0 0 24245f30 0 616d6564 0 756e6e 
_C_142121c0_0 8c 0 30 0 0 2c202564 0 2564 
_C_16e23902_0 84 0 8 0 0 f8 
_C_9cd18cd8_0 8c 0 110 0 0 6c3d2564 0 65775661 0 622c206e 0 61643d25 0 675f6c6f 0 2c207265 0 2c202573 0 2c202564 0 2564 
_C_45dd8f72_0 84 0 8 0 0 f0 
_C_8526fe05_0 84 0 3 0 0 0 
_C_359329a3_0 8c 0 90 0 0 2c202562 0 2c202564 0 2c202562 0 2c202564 0 2564 
_C_1fdca360_0 84 0 8 0 0 0 
_C_c9a73db0_0 8c 0 b8 0 0 643d2562 0 5f6c6f61 0 20726567 0 2025732c 0 2025642c 0 25642c 
_C_9af0fd44_0 8c 0 90 0 0 2c202564 0 2c202564 0 2c202562 0 2c202564 0 2564 
_C_b180473b_0 84 0 5 0 0 18 
_C_b4ba8cc3_0 8c 0 70 0 0 2c202564 0 2c202562 0 2c202564 0 2564 
_C_ca7304eb_0 84 0 6 0 0 30 
_C_351a8780_0 94 0 20 0 0 0 
_C_3f7d714e_0 94 0 20 0 0 1 
_C_21d56a1c_0 94 0 20 0 0 2 
_C_2bb29cd2_0 94 0 20 0 0 3 
_C_df2fe160_0 8c 0 108 0 0 61746f72 0 656e6572 0 75742047 0 4f757470 0 20696e20 0 74617465 0 69642073 0 6e76616c 0 49 
_C_7807649f_0 84 0 9 0 0 1f0 
_C_3485a06c_0 8c 0 50 0 0 2c202573 0 2c202564 0 2564 
